0,0,1.0,30.83,0.0,0.0,0.0,9.0,0.0,1.25,3,3,1,1,0,202.0,0,1
1,1,0.0,58.67,4.46,0.0,0.0,8.0,1.0,3.04,3,3,6,1,0,43.0,560,1
2,2,0.0,24.5,0.5,0.0,0.0,8.0,1.0,1.5,3,1,0,1,0,280.0,824,1
3,3,1.0,27.83,1.54,0.0,0.0,9.0,0.0,3.75,3,3,5,3,0,100.0,3,1
4,4,1.0,20.17,5.625,0.0,0.0,9.0,0.0,1.71,3,1,0,1,3,120.0,0,1
5,5,1.0,32.08,4.0,0.0,0.0,6.0,0.0,2.5,3,1,0,3,0,360.0,0,1
6,6,1.0,33.17,1.04,0.0,0.0,7.0,1.0,6.5,3,1,0,3,0,164.0,31285,1
7,7,0.0,22.92,11.585,0.0,0.0,2.0,0.0,0.04,3,1,0,1,0,80.0,1349,1
8,8,1.0,54.42,0.5,1.0,1.0,5.0,1.0,3.96,3,1,0,1,0,180.0,314,1
9,9,1.0,42.5,4.915,1.0,1.0,9.0,0.0,3.165,3,1,0,3,0,52.0,1442,1
10,10,1.0,22.08,0.83,0.0,0.0,0.0,1.0,2.165,1,1,0,3,0,128.0,0,1
11,11,1.0,29.92,1.835,0.0,0.0,0.0,1.0,4.335,3,1,0,1,0,260.0,200,1
12,12,0.0,38.25,6.0,0.0,0.0,5.0,0.0,1.0,3,1,0,3,0,0.0,0,1
13,13,1.0,48.08,6.04,0.0,0.0,5.0,0.0,0.04,1,1,0,1,0,0.0,2690,1
14,14,0.0,45.83,10.5,0.0,0.0,8.0,0.0,5.0,3,3,7,3,0,0.0,0,1
15,15,1.0,36.67,4.415,1.0,1.0,5.0,0.0,0.25,3,3,10,3,0,320.0,0,1
16,16,1.0,28.25,0.875,0.0,0.0,6.0,0.0,0.96,3,3,3,3,0,396.0,0,1
17,17,0.0,23.25,5.875,0.0,0.0,8.0,0.0,3.17,3,3,10,1,0,120.0,245,1
18,18,1.0,21.83,0.25,0.0,0.0,1.0,1.0,0.665,3,1,0,3,0,0.0,0,1
19,19,0.0,19.17,8.585,0.0,0.0,2.0,1.0,0.75,3,3,7,1,0,96.0,0,1
20,20,1.0,25.0,11.25,0.0,0.0,0.0,0.0,2.5,3,3,17,1,0,200.0,1208,1
21,21,1.0,23.25,1.0,0.0,0.0,0.0,0.0,0.835,3,1,0,1,3,300.0,0,1
22,22,0.0,47.75,8.0,0.0,0.0,0.0,0.0,7.875,3,3,6,3,0,0.0,1260,1
23,23,0.0,27.42,14.5,0.0,0.0,10.0,1.0,3.085,3,3,1,1,0,120.0,11,1
24,24,0.0,41.17,6.5,0.0,0.0,8.0,0.0,0.5,3,3,3,3,0,145.0,0,1
25,25,0.0,15.83,0.585,0.0,0.0,0.0,1.0,1.5,3,3,2,1,0,100.0,0,1
26,26,0.0,47.0,13.0,0.0,0.0,3.0,2.0,5.165,3,3,9,3,0,0.0,0,1
27,27,1.0,56.58,18.5,0.0,0.0,1.0,2.0,15.0,3,3,17,3,0,0.0,0,1
28,28,1.0,57.42,8.5,0.0,0.0,11.0,1.0,7.0,3,3,3,1,0,0.0,0,1
29,29,1.0,42.08,1.04,0.0,0.0,9.0,0.0,5.0,3,3,6,3,0,500.0,10000,1
30,30,1.0,29.25,14.79,0.0,0.0,12.0,0.0,5.04,3,3,5,3,0,168.0,0,1
31,31,1.0,42.0,9.79,0.0,0.0,10.0,1.0,7.96,3,3,8,1,0,0.0,0,1
32,32,1.0,49.5,7.585,0.0,0.0,3.0,2.0,7.585,3,3,15,3,0,0.0,5000,1
33,33,0.0,36.75,5.125,0.0,0.0,11.0,0.0,5.0,3,1,0,3,0,0.0,4000,1
34,34,0.0,22.58,10.75,0.0,0.0,8.0,0.0,0.415,3,3,5,3,0,0.0,560,1
35,35,1.0,27.83,1.5,0.0,0.0,9.0,0.0,2.0,3,3,11,3,0,434.0,35,1
36,36,1.0,27.25,1.585,0.0,0.0,2.0,1.0,1.835,3,3,12,3,0,583.0,713,1
37,37,0.0,23.0,11.75,0.0,0.0,10.0,1.0,0.5,3,3,2,3,0,300.0,551,1
38,38,1.0,27.75,0.585,1.0,1.0,2.0,0.0,0.25,3,3,2,1,0,260.0,500,1
39,39,1.0,54.58,9.415,0.0,0.0,13.0,13.0,14.415,3,3,11,3,0,30.0,300,1
40,40,1.0,34.17,9.17,0.0,0.0,0.0,0.0,4.5,3,3,12,3,0,0.0,221,1
41,41,1.0,28.92,15.0,0.0,0.0,0.0,1.0,5.335,3,3,11,1,0,0.0,2283,1
42,42,1.0,29.67,1.415,0.0,0.0,9.0,1.0,0.75,3,3,1,1,0,240.0,100,1
43,43,1.0,39.58,13.915,0.0,0.0,9.0,0.0,8.625,3,3,6,3,0,70.0,0,1
44,44,1.0,56.42,28.0,1.0,1.0,0.0,0.0,28.5,3,3,40,1,0,0.0,15,1
45,45,1.0,54.33,6.75,0.0,0.0,0.0,1.0,2.625,3,3,11,3,0,0.0,284,1
46,46,0.0,41.0,2.04,1.0,1.0,8.0,1.0,0.125,3,3,23,3,0,455.0,1236,1
47,47,1.0,31.92,4.46,0.0,0.0,2.0,1.0,6.04,3,3,3,1,0,311.0,300,1
48,48,1.0,41.5,1.54,0.0,0.0,3.0,2.0,3.5,1,1,0,1,0,216.0,0,1
49,49,1.0,23.92,0.665,0.0,0.0,0.0,0.0,0.165,1,1,0,1,0,100.0,0,1
50,50,0.0,25.75,0.5,0.0,0.0,0.0,1.0,0.875,3,1,0,3,0,491.0,0,1
51,51,1.0,26.0,1.0,0.0,0.0,8.0,0.0,1.75,3,1,0,3,0,280.0,0,1
52,52,1.0,37.42,2.04,0.0,0.0,9.0,0.0,0.04,3,1,0,3,0,400.0,5800,1
53,53,1.0,34.92,2.5,0.0,0.0,9.0,0.0,0.0,3,1,0,3,0,239.0,200,1
54,54,1.0,34.25,3.0,0.0,0.0,2.0,1.0,7.415,3,1,0,3,0,0.0,0,1
55,55,1.0,23.33,11.625,1.0,1.0,9.0,0.0,0.835,3,1,0,3,0,160.0,300,1
56,56,1.0,23.17,0.0,0.0,0.0,2.0,0.0,0.085,3,1,0,1,0,0.0,0,1
57,57,1.0,44.33,0.5,0.0,0.0,3.0,1.0,5.0,3,1,0,3,0,320.0,0,1
58,58,1.0,35.17,4.5,0.0,0.0,10.0,1.0,5.75,1,1,0,3,3,711.0,0,1
59,59,1.0,43.25,3.0,0.0,0.0,8.0,1.0,6.0,3,3,11,1,0,80.0,0,1
60,60,1.0,56.75,12.25,0.0,0.0,6.0,0.0,1.25,3,3,4,3,0,200.0,0,1
61,61,1.0,31.67,16.165,0.0,0.0,1.0,0.0,3.0,3,3,9,1,0,250.0,730,1
62,62,0.0,23.42,0.79,1.0,1.0,8.0,0.0,1.5,3,3,2,3,0,80.0,400,1
63,63,0.0,20.42,0.835,0.0,0.0,8.0,0.0,1.585,3,3,1,1,0,0.0,0,1
64,64,1.0,26.67,4.25,0.0,0.0,2.0,0.0,4.29,3,3,1,3,0,120.0,0,1
65,65,1.0,34.17,1.54,0.0,0.0,2.0,0.0,1.54,3,3,1,3,0,520.0,50000,1
66,66,0.0,36.0,1.0,0.0,0.0,0.0,0.0,2.0,3,3,11,1,0,0.0,456,1
67,67,1.0,25.5,0.375,0.0,0.0,6.0,0.0,0.25,3,3,3,1,0,260.0,15108,1
68,68,1.0,19.42,6.5,0.0,0.0,9.0,1.0,1.46,3,3,7,1,0,80.0,2954,1
69,69,1.0,35.17,25.125,0.0,0.0,10.0,1.0,1.625,3,3,1,3,0,515.0,500,1
70,70,1.0,32.33,7.5,0.0,0.0,11.0,2.0,1.585,3,1,0,3,3,420.0,0,0
72,72,0.0,38.58,5.0,0.0,0.0,2.0,0.0,13.5,3,1,0,3,0,980.0,0,0
73,73,1.0,44.25,0.5,0.0,0.0,6.0,0.0,10.75,3,1,0,1,3,400.0,0,0
74,74,1.0,44.83,7.0,1.0,1.0,0.0,0.0,1.625,1,1,0,1,0,160.0,2,0
75,75,1.0,20.67,5.29,0.0,0.0,8.0,0.0,0.375,3,3,1,1,0,160.0,0,0
76,76,1.0,34.08,6.5,0.0,0.0,12.0,0.0,0.125,3,1,0,3,0,443.0,0,0
77,77,0.0,19.17,0.585,1.0,1.0,12.0,0.0,0.585,3,1,0,3,0,160.0,0,0
78,78,1.0,21.67,1.165,1.0,1.0,5.0,0.0,2.5,3,3,1,1,0,180.0,20,0
79,79,1.0,21.5,9.75,0.0,0.0,0.0,0.0,0.25,3,1,0,1,0,140.0,0,0
80,80,1.0,49.58,19.0,0.0,0.0,13.0,13.0,0.0,3,3,1,1,0,94.0,0,0
81,81,0.0,27.67,1.5,0.0,0.0,6.0,0.0,2.0,3,1,0,1,3,368.0,0,0
82,82,1.0,39.83,0.5,0.0,0.0,6.0,0.0,0.25,3,1,0,1,3,288.0,0,0
84,84,1.0,27.25,0.625,0.0,0.0,12.0,0.0,0.455,3,1,0,3,0,200.0,0,0
85,85,1.0,37.17,4.0,0.0,0.0,0.0,2.0,5.0,3,1,0,3,3,280.0,0,0
87,87,1.0,25.67,2.21,1.0,1.0,12.0,0.0,4.0,3,1,0,1,0,188.0,0,0
88,88,1.0,34.0,4.5,0.0,0.0,12.0,0.0,1.0,3,1,0,3,0,240.0,0,0
89,89,0.0,49.0,1.5,0.0,0.0,4.0,4.0,0.0,3,1,0,3,0,100.0,27,0
90,90,1.0,62.5,12.75,1.0,1.0,0.0,1.0,5.0,3,1,0,1,0,112.0,0,0
91,91,1.0,31.42,15.5,0.0,0.0,0.0,0.0,0.5,3,1,0,1,0,120.0,0,0
93,93,1.0,52.33,1.375,1.0,1.0,0.0,1.0,9.46,3,1,0,3,0,200.0,100,0
94,94,1.0,28.75,1.5,1.0,1.0,0.0,0.0,1.5,3,1,0,3,0,0.0,225,0
95,95,0.0,28.58,3.54,0.0,0.0,3.0,2.0,0.5,3,1,0,3,0,171.0,0,0
96,96,1.0,23.0,0.625,1.0,1.0,12.0,0.0,0.125,3,1,0,1,0,180.0,1,0
98,98,0.0,22.5,11.0,1.0,1.0,8.0,0.0,3.0,3,1,0,3,0,268.0,0,0
99,99,0.0,28.5,1.0,0.0,0.0,8.0,0.0,1.0,3,3,2,3,0,167.0,500,0
100,100,1.0,37.5,1.75,1.0,1.0,0.0,2.0,0.25,3,1,0,3,0,164.0,400,0
101,101,1.0,35.25,16.5,1.0,1.0,0.0,0.0,4.0,3,1,0,1,0,80.0,0,0
102,102,1.0,18.67,5.0,0.0,0.0,8.0,0.0,0.375,3,3,2,1,0,0.0,38,0
103,103,1.0,25.0,12.0,0.0,0.0,5.0,0.0,2.25,3,3,2,3,0,120.0,5,0
104,104,1.0,27.83,4.0,1.0,1.0,3.0,1.0,5.75,3,3,2,3,0,75.0,0,0
105,105,1.0,54.83,15.5,0.0,0.0,11.0,5.0,0.0,3,3,20,1,0,152.0,130,0
106,106,1.0,28.75,1.165,0.0,0.0,5.0,0.0,0.5,3,1,0,1,3,280.0,0,0
107,107,0.0,25.0,11.0,1.0,1.0,12.0,0.0,4.5,3,1,0,1,0,120.0,0,0
108,108,1.0,40.92,2.25,1.0,1.0,10.0,1.0,10.0,3,1,0,3,0,176.0,0,0
109,109,0.0,19.75,0.75,0.0,0.0,0.0,0.0,0.795,3,3,5,3,0,140.0,5,0
110,110,1.0,29.17,3.5,0.0,0.0,9.0,0.0,3.5,3,3,3,3,0,329.0,0,0
111,111,0.0,24.5,1.04,1.0,1.0,13.0,13.0,0.5,3,3,3,1,0,180.0,147,0
112,112,1.0,24.58,12.5,0.0,0.0,9.0,0.0,0.875,3,1,0,3,0,260.0,0,0
113,113,0.0,33.75,0.75,0.0,0.0,5.0,2.0,1.0,3,3,3,3,0,212.0,0,0
114,114,1.0,20.67,1.25,1.0,1.0,0.0,1.0,1.375,3,3,3,3,0,140.0,210,0
115,115,0.0,25.42,1.125,0.0,0.0,8.0,0.0,1.29,3,3,2,1,0,200.0,0,0
116,116,1.0,37.75,7.0,0.0,0.0,8.0,1.0,11.5,3,3,7,3,0,300.0,5,0
117,117,1.0,52.5,6.5,0.0,0.0,5.0,0.0,6.29,3,3,15,1,0,0.0,11202,1
118,118,1.0,57.83,7.04,0.0,0.0,6.0,0.0,14.0,3,3,6,3,0,360.0,1332,1
119,119,0.0,20.75,10.335,0.0,0.0,2.0,1.0,0.335,3,3,1,3,0,80.0,50,1
120,120,1.0,39.92,6.21,0.0,0.0,8.0,0.0,0.04,3,3,1,1,0,200.0,300,1
121,121,1.0,25.67,12.5,0.0,0.0,2.0,0.0,1.21,3,3,67,3,0,140.0,258,1
122,122,0.0,24.75,12.5,0.0,0.0,12.0,0.0,1.5,3,3,12,3,0,120.0,567,1
123,123,0.0,44.17,6.665,0.0,0.0,8.0,0.0,7.375,3,3,3,3,0,0.0,0,1
124,124,0.0,23.5,9.0,0.0,0.0,8.0,0.0,8.5,3,3,5,3,0,120.0,0,1
125,125,1.0,34.92,5.0,0.0,0.0,10.0,1.0,7.5,3,3,6,3,0,0.0,1000,1
126,126,1.0,47.67,2.5,0.0,0.0,6.0,2.0,2.5,3,3,12,3,0,410.0,2510,1
127,127,1.0,22.75,11.0,0.0,0.0,8.0,0.0,2.5,3,3,7,3,0,100.0,809,1
128,128,1.0,34.42,4.25,0.0,0.0,3.0,2.0,3.25,3,3,2,1,0,274.0,610,1
129,129,0.0,28.42,3.5,0.0,0.0,9.0,0.0,0.835,3,1,0,1,3,280.0,0,1
130,130,1.0,67.75,5.5,0.0,0.0,11.0,5.0,13.0,3,3,1,3,0,0.0,0,1
131,131,1.0,20.42,1.835,0.0,0.0,0.0,0.0,2.25,3,3,1,1,0,100.0,150,1
132,132,0.0,47.42,8.0,0.0,0.0,11.0,2.0,6.5,3,3,6,1,0,375.0,51100,1
133,133,1.0,36.25,5.0,0.0,0.0,0.0,2.0,2.5,3,3,6,1,0,0.0,367,1
134,134,1.0,32.67,5.5,0.0,0.0,8.0,1.0,5.5,3,3,12,3,0,408.0,1000,1
135,135,1.0,48.58,6.5,0.0,0.0,8.0,1.0,6.0,3,1,0,3,0,350.0,0,1
136,136,1.0,39.92,0.54,1.0,1.0,12.0,0.0,0.5,3,3,3,1,0,200.0,1000,1
137,137,1.0,33.58,2.75,0.0,0.0,6.0,0.0,4.25,3,3,6,1,0,204.0,0,1
138,138,0.0,18.83,9.5,0.0,0.0,9.0,0.0,1.625,3,3,6,3,0,40.0,600,1
139,139,0.0,26.92,13.5,0.0,0.0,8.0,1.0,5.0,3,3,2,1,0,0.0,5000,1
140,140,0.0,31.25,3.75,0.0,0.0,2.0,1.0,0.625,3,3,9,3,0,181.0,0,1
141,141,0.0,56.5,16.0,0.0,0.0,4.0,13.0,0.0,3,3,15,1,0,0.0,247,1
142,142,1.0,43.0,0.29,1.0,1.0,2.0,1.0,1.75,3,3,8,1,0,100.0,375,1
143,143,1.0,22.33,11.0,0.0,0.0,9.0,0.0,2.0,3,3,1,1,0,80.0,278,1
144,144,1.0,27.25,1.665,0.0,0.0,2.0,1.0,5.085,3,3,9,1,0,399.0,827,1
145,145,1.0,32.83,2.5,0.0,0.0,2.0,1.0,2.75,3,3,6,1,0,160.0,2072,1
146,146,1.0,23.25,1.5,0.0,0.0,8.0,0.0,2.375,3,3,3,3,0,0.0,582,1
147,147,0.0,40.33,7.54,1.0,1.0,8.0,1.0,8.0,3,3,14,1,0,0.0,2300,1
148,148,0.0,30.5,6.5,0.0,0.0,0.0,2.0,4.0,3,3,7,3,0,0.0,3065,1
149,149,0.0,52.83,15.0,0.0,0.0,0.0,0.0,5.5,3,3,14,1,0,0.0,2200,1
150,150,0.0,46.67,0.46,0.0,0.0,2.0,1.0,0.415,3,3,11,3,0,440.0,6,1
151,151,0.0,58.33,10.0,0.0,0.0,8.0,0.0,4.0,3,3,14,1,0,0.0,1602,1
152,152,1.0,37.33,6.5,0.0,0.0,6.0,1.0,4.25,3,3,12,3,0,93.0,0,1
153,153,1.0,23.08,2.5,0.0,0.0,0.0,0.0,1.085,3,3,11,3,0,60.0,2184,1
154,154,1.0,32.75,1.5,0.0,0.0,2.0,1.0,5.5,3,3,3,3,0,0.0,0,1
155,155,0.0,21.67,11.5,1.0,1.0,4.0,4.0,0.0,3,3,11,3,0,0.0,0,1
156,156,0.0,28.5,3.04,1.0,1.0,10.0,1.0,2.54,3,3,1,1,0,70.0,0,1
157,157,0.0,68.67,15.0,0.0,0.0,11.0,5.0,0.0,3,3,14,1,0,0.0,3376,1
158,158,1.0,28.0,2.0,0.0,0.0,5.0,1.0,4.165,3,3,2,3,0,181.0,0,1
159,159,1.0,34.08,0.08,1.0,1.0,6.0,2.0,0.04,3,3,1,3,0,280.0,2000,1
160,160,1.0,27.67,2.0,0.0,0.0,10.0,1.0,1.0,3,3,4,1,0,140.0,7544,1
161,161,1.0,44.0,2.0,0.0,0.0,6.0,0.0,1.75,3,3,2,3,0,0.0,15,1
162,162,1.0,25.08,1.71,0.0,0.0,10.0,0.0,1.665,3,3,1,3,0,395.0,20,1
163,163,1.0,32.0,1.75,1.0,1.0,11.0,1.0,0.04,3,1,0,3,0,393.0,0,1
164,164,0.0,60.58,16.5,0.0,0.0,8.0,0.0,11.0,3,1,0,3,0,21.0,10561,1
165,165,0.0,40.83,10.0,0.0,0.0,8.0,1.0,1.75,3,1,0,1,0,29.0,837,1
166,166,1.0,19.33,9.5,0.0,0.0,8.0,0.0,1.0,3,1,0,3,0,60.0,400,1
167,167,0.0,32.33,0.54,0.0,0.0,2.0,0.0,0.04,3,1,0,1,0,440.0,11177,1
168,168,1.0,36.67,3.25,0.0,0.0,8.0,1.0,9.0,3,1,0,3,0,102.0,639,1
169,169,1.0,37.5,1.125,1.0,1.0,1.0,0.0,1.5,1,1,0,3,0,431.0,0,1
170,170,0.0,25.08,2.54,1.0,1.0,12.0,0.0,0.25,3,1,0,3,0,370.0,0,1
171,171,1.0,41.33,0.0,0.0,0.0,0.0,2.0,15.0,3,1,0,1,0,0.0,0,1
172,172,1.0,56.0,12.5,0.0,0.0,5.0,1.0,8.0,3,1,0,3,0,24.0,2028,1
173,173,0.0,49.83,13.585,0.0,0.0,5.0,1.0,8.5,3,1,0,3,0,0.0,0,1
174,174,1.0,22.67,10.5,0.0,0.0,8.0,1.0,1.335,3,1,0,1,0,100.0,0,1
175,175,1.0,27.0,1.5,1.0,1.0,9.0,0.0,0.375,3,1,0,3,0,260.0,1065,1
176,176,1.0,25.0,12.5,0.0,0.0,12.0,0.0,3.0,3,1,0,3,3,20.0,0,1
177,177,0.0,26.08,8.665,0.0,0.0,12.0,0.0,1.415,3,1,0,1,0,160.0,150,1
178,178,0.0,18.42,9.25,0.0,0.0,8.0,0.0,1.21,3,3,4,1,0,60.0,540,1
179,179,1.0,20.17,8.17,0.0,0.0,12.0,0.0,1.96,3,3,14,1,0,60.0,158,1
180,180,1.0,47.67,0.29,0.0,0.0,0.0,2.0,15.0,3,3,20,1,0,0.0,15000,1
181,181,0.0,21.25,2.335,0.0,0.0,3.0,2.0,0.5,3,3,4,1,3,80.0,0,1
182,182,0.0,20.67,3.0,0.0,0.0,8.0,0.0,0.165,3,3,3,1,0,100.0,6,1
183,183,0.0,57.08,19.5,0.0,0.0,0.0,0.0,5.5,3,3,7,1,0,0.0,3000,1
184,184,0.0,22.42,5.665,0.0,0.0,8.0,0.0,2.585,3,3,7,1,0,129.0,3257,1
185,185,1.0,48.75,8.5,0.0,0.0,0.0,1.0,12.5,3,3,9,1,0,181.0,1655,1
186,186,1.0,40.0,6.5,0.0,0.0,12.0,2.0,3.5,3,3,1,1,0,0.0,500,1
187,187,1.0,40.58,5.0,0.0,0.0,0.0,0.0,5.0,3,3,7,1,0,0.0,3065,1
188,188,0.0,28.67,1.04,0.0,0.0,0.0,0.0,2.5,3,3,5,3,0,300.0,1430,1
189,189,0.0,33.08,4.625,0.0,0.0,8.0,1.0,1.625,3,3,2,1,0,0.0,0,1
190,190,1.0,21.33,10.5,0.0,0.0,0.0,0.0,3.0,3,1,0,3,0,0.0,0,1
191,191,1.0,42.0,0.205,0.0,0.0,3.0,1.0,5.125,3,1,0,1,0,400.0,0,1
192,192,1.0,41.75,0.96,0.0,0.0,10.0,0.0,2.5,3,1,0,1,0,510.0,600,1
193,193,1.0,22.67,1.585,1.0,1.0,9.0,0.0,3.085,3,3,6,1,0,80.0,0,1
194,194,1.0,34.5,4.04,1.0,1.0,3.0,2.0,8.5,3,3,7,3,0,195.0,0,1
195,195,1.0,28.25,5.04,1.0,1.0,0.0,2.0,1.5,3,3,8,3,0,144.0,7,1
196,196,1.0,33.17,3.165,1.0,1.0,10.0,0.0,3.165,3,3,3,3,0,380.0,0,1
197,197,1.0,48.17,7.625,0.0,0.0,9.0,1.0,15.5,3,3,12,1,0,0.0,790,1
198,198,1.0,27.58,2.04,1.0,1.0,12.0,0.0,2.0,3,3,3,3,0,370.0,560,1
199,199,1.0,22.58,10.04,0.0,0.0,10.0,0.0,0.04,3,3,9,1,0,60.0,396,1
200,200,0.0,24.08,0.5,0.0,0.0,8.0,1.0,1.25,3,3,1,1,0,0.0,678,1
201,201,0.0,41.33,1.0,0.0,0.0,3.0,2.0,2.25,3,1,0,3,0,0.0,300,1
203,203,0.0,20.75,10.25,0.0,0.0,8.0,0.0,0.71,3,3,2,3,0,49.0,0,1
204,204,1.0,36.33,2.125,1.0,1.0,9.0,0.0,0.085,3,3,1,1,0,50.0,1187,1
205,205,0.0,35.42,12.0,0.0,0.0,8.0,1.0,14.0,3,3,8,1,0,0.0,6590,1
207,207,1.0,28.67,9.335,0.0,0.0,8.0,1.0,5.665,3,3,6,1,0,381.0,168,1
208,208,1.0,35.17,2.5,0.0,0.0,5.0,0.0,4.5,3,3,7,1,0,150.0,1270,1
209,209,1.0,39.5,4.25,0.0,0.0,0.0,2.0,6.5,3,3,16,1,0,117.0,1210,1
210,210,1.0,39.33,5.875,0.0,0.0,2.0,1.0,10.0,3,3,14,3,0,399.0,0,1
211,211,1.0,24.33,6.625,1.0,1.0,1.0,0.0,5.5,3,1,0,3,3,100.0,0,1
212,212,1.0,60.08,14.5,0.0,0.0,13.0,13.0,18.0,3,3,15,3,0,0.0,1000,1
213,213,1.0,23.08,11.5,0.0,0.0,3.0,0.0,3.5,3,3,9,1,0,56.0,742,1
214,214,1.0,26.67,2.71,1.0,1.0,2.0,0.0,5.25,3,3,1,1,0,211.0,0,1
215,215,1.0,48.17,3.5,0.0,0.0,12.0,0.0,3.5,3,1,0,1,3,230.0,0,1
216,216,1.0,41.17,4.04,0.0,0.0,2.0,1.0,7.0,3,3,8,1,0,320.0,0,1
217,217,1.0,55.92,11.5,0.0,0.0,13.0,13.0,5.0,3,3,5,1,0,0.0,8851,1
218,218,1.0,53.92,9.625,0.0,0.0,11.0,0.0,8.665,3,3,5,1,0,0.0,0,1
219,219,0.0,18.92,9.25,1.0,1.0,0.0,0.0,1.0,3,3,4,3,0,80.0,500,1
220,220,0.0,50.08,12.54,0.0,0.0,12.0,0.0,2.29,3,3,3,3,0,156.0,0,1
221,221,1.0,65.42,11.0,0.0,0.0,11.0,5.0,20.0,3,3,7,3,0,22.0,0,1
222,222,0.0,17.58,9.0,0.0,0.0,12.0,0.0,1.375,3,1,0,3,0,0.0,0,1
223,223,0.0,18.83,9.54,0.0,0.0,12.0,0.0,0.085,3,1,0,1,0,100.0,0,1
224,224,0.0,37.75,5.5,0.0,0.0,8.0,0.0,0.125,3,1,0,3,0,228.0,0,1
225,225,1.0,23.25,4.0,0.0,0.0,0.0,2.0,0.25,3,1,0,3,0,160.0,0,1
226,226,1.0,18.08,5.5,0.0,0.0,5.0,0.0,0.5,3,1,0,1,0,80.0,0,1
227,227,0.0,22.5,8.46,1.0,1.0,10.0,0.0,2.46,1,1,0,1,0,164.0,0,1
228,228,1.0,19.67,0.375,0.0,0.0,8.0,0.0,2.0,3,3,2,3,0,80.0,0,1
229,229,1.0,22.08,11.0,0.0,0.0,2.0,0.0,0.665,3,1,0,1,0,100.0,0,1
230,230,1.0,25.17,3.5,0.0,0.0,2.0,0.0,0.625,3,3,7,1,0,0.0,7059,1
231,231,0.0,47.42,3.0,0.0,0.0,10.0,0.0,13.875,3,3,2,3,0,519.0,1704,1
232,232,1.0,33.5,1.75,0.0,0.0,10.0,1.0,4.5,3,3,4,3,0,253.0,857,1
233,233,1.0,27.67,13.75,0.0,0.0,9.0,0.0,5.75,3,1,0,3,0,487.0,500,1
234,234,0.0,58.42,21.0,0.0,0.0,3.0,2.0,10.0,3,3,13,1,0,0.0,6700,1
235,235,0.0,20.67,1.835,0.0,0.0,8.0,0.0,2.085,3,3,5,1,0,220.0,2503,1
236,236,1.0,26.17,0.25,0.0,0.0,3.0,2.0,0.0,3,1,0,3,0,0.0,0,1
237,237,1.0,21.33,7.5,0.0,0.0,12.0,0.0,1.415,3,3,1,1,0,80.0,9800,1
238,238,1.0,42.83,4.625,0.0,0.0,8.0,0.0,4.58,3,1,0,1,3,0.0,0,1
239,239,1.0,38.17,10.125,0.0,0.0,10.0,0.0,2.5,3,3,6,1,0,520.0,196,1
240,240,1.0,20.5,10.0,1.0,1.0,0.0,0.0,2.5,3,1,0,1,3,40.0,0,1
241,241,1.0,48.25,25.085,0.0,0.0,9.0,0.0,1.75,3,3,3,1,0,120.0,14,1
242,242,1.0,28.33,5.0,0.0,0.0,9.0,0.0,11.0,3,1,0,3,0,70.0,0,1
244,244,1.0,18.5,2.0,0.0,0.0,3.0,0.0,1.5,3,3,2,1,0,120.0,300,1
245,245,1.0,33.17,3.04,1.0,1.0,0.0,1.0,2.04,3,3,1,3,0,180.0,18027,1
246,246,1.0,45.0,8.5,0.0,0.0,2.0,1.0,14.0,3,3,1,3,0,88.0,2000,1
247,247,0.0,19.67,0.21,0.0,0.0,8.0,1.0,0.29,3,3,11,1,0,80.0,99,1
249,249,1.0,21.83,11.0,0.0,0.0,10.0,0.0,0.29,3,3,6,1,0,121.0,0,1
250,250,1.0,40.25,21.5,0.0,0.0,11.0,5.0,20.0,3,3,11,1,0,0.0,1200,1
251,251,1.0,41.42,5.0,0.0,0.0,8.0,1.0,5.0,3,3,6,3,0,470.0,0,1
252,252,0.0,17.83,11.0,0.0,0.0,10.0,1.0,1.0,3,3,11,1,0,0.0,3000,1
253,253,1.0,23.17,11.125,0.0,0.0,10.0,1.0,0.46,3,3,1,1,0,100.0,0,1
255,255,1.0,18.17,10.25,0.0,0.0,0.0,1.0,1.085,1,1,0,1,0,320.0,13,0
256,256,1.0,20.0,11.045,0.0,0.0,0.0,0.0,2.0,1,1,0,3,0,136.0,0,0
257,257,1.0,20.0,0.0,0.0,0.0,1.0,0.0,0.5,1,1,0,1,0,144.0,0,0
258,258,0.0,20.75,9.54,0.0,0.0,3.0,0.0,0.04,1,1,0,1,0,200.0,1000,0
259,259,0.0,24.5,1.75,1.0,1.0,0.0,0.0,0.165,1,1,0,1,0,132.0,0,0
260,260,1.0,32.75,2.335,0.0,0.0,1.0,1.0,5.75,1,1,0,3,0,292.0,0,0
261,261,0.0,52.17,0.0,1.0,1.0,13.0,13.0,0.0,1,1,0,1,0,0.0,0,0
262,262,0.0,48.17,1.335,0.0,0.0,3.0,8.0,0.335,1,1,0,1,0,0.0,120,0
263,263,0.0,20.42,10.5,1.0,1.0,10.0,1.0,0.0,1,1,0,3,0,154.0,32,0
264,264,1.0,50.75,0.585,0.0,0.0,13.0,13.0,0.0,1,1,0,1,0,145.0,0,0
265,265,1.0,17.08,0.085,1.0,1.0,0.0,0.0,0.04,1,1,0,1,0,140.0,722,0
266,266,1.0,18.33,1.21,1.0,1.0,11.0,6.0,0.0,1,1,0,1,0,100.0,0,0
267,267,0.0,32.0,6.0,0.0,0.0,1.0,0.0,1.25,1,1,0,1,0,272.0,0,0
268,268,1.0,59.67,1.54,0.0,0.0,8.0,0.0,0.125,3,1,0,3,0,260.0,0,1
269,269,1.0,18.0,0.165,0.0,0.0,8.0,3.0,0.21,1,1,0,1,0,200.0,40,1
271,271,1.0,32.33,2.5,0.0,0.0,0.0,0.0,1.25,1,1,0,3,0,280.0,0,0
272,272,1.0,18.08,6.75,1.0,1.0,6.0,0.0,0.04,1,1,0,1,0,140.0,0,0
273,273,1.0,38.25,10.125,1.0,1.0,5.0,0.0,0.125,1,1,0,1,0,160.0,0,0
274,274,1.0,30.67,2.5,0.0,0.0,2.0,1.0,2.25,1,1,0,3,3,340.0,0,0
275,275,1.0,18.58,5.71,0.0,0.0,1.0,0.0,0.54,1,1,0,1,0,120.0,0,0
276,276,0.0,19.17,5.415,0.0,0.0,3.0,1.0,0.29,1,1,0,1,0,80.0,484,0
277,277,0.0,18.17,10.0,1.0,1.0,8.0,1.0,0.165,1,1,0,1,0,340.0,0,0
279,279,1.0,16.25,0.835,0.0,0.0,6.0,0.0,0.085,3,1,0,1,3,200.0,0,0
280,280,1.0,21.17,0.875,1.0,1.0,0.0,1.0,0.25,1,1,0,1,0,280.0,204,0
281,281,1.0,23.92,0.585,1.0,1.0,2.0,1.0,0.125,1,1,0,1,0,240.0,1,0
282,282,1.0,17.67,4.46,0.0,0.0,0.0,0.0,0.25,1,1,0,1,3,80.0,0,0
283,283,0.0,16.5,1.25,0.0,0.0,8.0,0.0,0.25,1,3,1,1,0,108.0,98,0
284,284,1.0,23.25,12.625,0.0,0.0,0.0,0.0,0.125,1,3,2,1,0,0.0,5552,0
285,285,1.0,17.58,10.0,0.0,0.0,9.0,1.0,0.165,1,3,1,1,0,120.0,1,0
287,287,1.0,29.5,0.58,0.0,0.0,9.0,0.0,0.29,1,3,1,1,0,340.0,2803,0
288,288,1.0,18.83,0.415,1.0,1.0,0.0,0.0,0.165,1,3,1,1,0,200.0,1,0
289,289,0.0,21.75,1.75,1.0,1.0,4.0,4.0,0.0,1,1,0,1,0,160.0,0,0
290,290,1.0,23.0,0.75,0.0,0.0,6.0,0.0,0.5,1,1,0,3,3,320.0,0,0
291,291,0.0,18.25,10.0,0.0,0.0,9.0,0.0,1.0,1,3,1,1,0,120.0,1,0
292,292,1.0,25.42,0.54,0.0,0.0,9.0,0.0,0.165,1,3,1,1,0,272.0,444,0
293,293,1.0,35.75,2.415,0.0,0.0,9.0,0.0,0.125,1,3,2,1,0,220.0,1,0
294,294,0.0,16.08,0.335,0.0,0.0,13.0,13.0,0.0,1,3,1,1,0,160.0,126,0
295,295,0.0,31.92,3.125,0.0,0.0,13.0,13.0,3.04,1,3,2,3,0,200.0,4,0
296,296,1.0,69.17,9.0,0.0,0.0,13.0,13.0,4.0,1,3,1,1,0,70.0,6,0
297,297,1.0,32.92,2.5,0.0,0.0,12.0,0.0,1.75,1,3,2,3,0,720.0,0,0
298,298,1.0,16.33,2.75,0.0,0.0,12.0,0.0,0.665,1,3,1,1,0,80.0,21,0
299,299,1.0,22.17,12.125,0.0,0.0,0.0,0.0,3.335,1,3,2,3,0,180.0,173,0
300,300,0.0,57.58,2.0,0.0,0.0,13.0,13.0,6.5,1,3,1,1,0,0.0,10,0
301,301,1.0,18.25,0.165,0.0,0.0,1.0,0.0,0.25,1,1,0,3,3,280.0,0,0
302,302,1.0,23.42,1.0,0.0,0.0,0.0,0.0,0.5,1,1,0,3,3,280.0,0,0
303,303,0.0,15.92,2.875,0.0,0.0,8.0,0.0,0.085,1,1,0,1,0,120.0,0,0
304,304,0.0,24.75,13.665,0.0,0.0,8.0,1.0,1.5,1,1,0,1,0,280.0,1,0
305,305,1.0,48.75,26.335,1.0,1.0,13.0,13.0,0.0,3,1,0,3,0,0.0,0,0
306,306,1.0,23.5,2.75,0.0,0.0,13.0,13.0,4.5,1,1,0,1,0,160.0,25,0
307,307,1.0,18.58,10.29,0.0,0.0,13.0,13.0,0.415,1,1,0,1,0,80.0,0,0
308,308,1.0,27.75,1.29,0.0,0.0,5.0,1.0,0.25,1,1,0,3,3,140.0,0,0
309,309,0.0,31.75,3.0,1.0,1.0,4.0,4.0,0.0,1,1,0,1,0,160.0,20,0
310,310,0.0,24.83,4.5,0.0,0.0,9.0,0.0,1.0,1,1,0,3,0,360.0,6,0
311,311,1.0,19.0,1.75,1.0,1.0,0.0,0.0,2.335,1,1,0,3,0,112.0,6,0
312,312,0.0,16.33,0.21,0.0,0.0,12.0,0.0,0.125,1,1,0,1,0,200.0,1,0
313,313,0.0,18.58,10.0,0.0,0.0,1.0,0.0,0.415,1,1,0,1,0,80.0,42,0
314,314,1.0,16.25,0.0,1.0,1.0,12.0,0.0,0.25,1,1,0,1,0,60.0,0,0
315,315,1.0,23.0,0.75,0.0,0.0,6.0,0.0,0.5,3,1,0,3,3,320.0,0,0
316,316,1.0,21.17,0.25,1.0,1.0,0.0,1.0,0.25,1,1,0,1,0,280.0,204,0
317,317,1.0,17.5,22.0,2.0,2.0,13.0,8.0,0.0,1,1,0,3,1,450.0,100000,1
318,318,1.0,19.17,0.0,1.0,1.0,6.0,2.0,0.0,1,1,0,3,3,500.0,1,1
319,319,1.0,36.75,0.125,1.0,1.0,0.0,0.0,1.5,1,1,0,3,0,232.0,113,1
320,320,1.0,21.25,1.5,0.0,0.0,9.0,0.0,1.5,1,1,0,1,0,150.0,8,1
321,321,0.0,18.08,0.375,2.0,2.0,2.0,13.0,10.0,1,1,0,3,3,300.0,0,1
322,322,0.0,33.67,0.375,0.0,0.0,2.0,0.0,0.375,1,1,0,1,0,300.0,44,1
323,323,1.0,48.58,0.205,1.0,1.0,5.0,0.0,0.25,3,3,11,1,0,380.0,2732,1
324,324,1.0,33.67,1.25,0.0,0.0,9.0,0.0,1.165,1,1,0,1,0,120.0,0,0
325,325,0.0,29.5,1.085,1.0,1.0,10.0,0.0,1.0,1,1,0,1,0,280.0,13,0
326,326,1.0,30.17,1.085,1.0,1.0,0.0,0.0,0.04,1,1,0,1,0,170.0,179,0
328,328,1.0,34.83,2.5,1.0,1.0,9.0,0.0,3.0,1,1,0,1,3,200.0,0,0
331,331,0.0,33.25,2.5,1.0,1.0,0.0,0.0,2.5,1,1,0,3,0,0.0,2,0
332,332,1.0,34.08,2.5,0.0,0.0,0.0,0.0,1.0,1,1,0,1,0,460.0,16,0
333,333,0.0,25.25,12.5,0.0,0.0,1.0,0.0,1.0,1,1,0,3,0,180.0,1062,0
334,334,1.0,34.75,2.5,0.0,0.0,2.0,2.0,0.5,1,1,0,1,0,348.0,0,0
335,335,1.0,27.67,0.75,0.0,0.0,8.0,1.0,0.165,1,1,0,3,0,220.0,251,0
336,336,1.0,47.33,6.5,0.0,0.0,0.0,0.0,1.0,1,1,0,3,0,0.0,228,0
337,337,0.0,34.83,1.25,1.0,1.0,3.0,1.0,0.5,1,1,0,3,0,160.0,0,0
338,338,0.0,33.25,3.0,1.0,1.0,12.0,0.0,2.0,1,1,0,1,0,180.0,0,0
339,339,1.0,28.0,3.0,0.0,0.0,9.0,0.0,0.75,1,1,0,3,0,300.0,67,0
340,340,0.0,39.08,4.0,0.0,0.0,0.0,0.0,3.0,1,1,0,1,0,480.0,0,0
341,341,1.0,42.75,4.085,0.0,0.0,12.0,0.0,0.04,1,1,0,1,0,108.0,100,0
342,342,1.0,26.92,2.25,0.0,0.0,3.0,2.0,0.5,1,1,0,3,0,640.0,4000,0
343,343,1.0,33.75,2.75,0.0,0.0,3.0,2.0,0.0,1,1,0,1,0,180.0,0,0
344,344,1.0,38.92,1.75,0.0,0.0,5.0,0.0,0.5,1,1,0,3,0,300.0,2,0
345,345,1.0,62.75,7.0,0.0,0.0,11.0,5.0,0.0,1,1,0,1,0,0.0,12,0
347,347,1.0,26.75,4.5,1.0,1.0,0.0,2.0,2.5,1,1,0,1,0,200.0,1210,0
348,348,1.0,63.33,0.54,0.0,0.0,0.0,0.0,0.585,3,3,3,3,0,180.0,0,0
349,349,1.0,27.83,1.5,0.0,0.0,9.0,0.0,2.25,1,3,1,3,0,100.0,3,0
350,350,0.0,26.17,2.0,0.0,0.0,4.0,4.0,0.0,1,1,0,3,0,276.0,1,0
351,351,1.0,22.17,0.585,1.0,1.0,13.0,13.0,0.0,1,1,0,1,0,100.0,0,0
352,352,1.0,22.5,11.5,1.0,1.0,6.0,0.0,1.5,1,1,0,3,0,0.0,4000,0
353,353,1.0,30.75,1.585,0.0,0.0,1.0,0.0,0.585,1,1,0,3,3,0.0,0,0
354,354,1.0,36.67,2.0,0.0,0.0,3.0,0.0,0.25,1,1,0,3,0,221.0,0,0
355,355,0.0,16.0,0.165,0.0,0.0,12.0,0.0,1.0,1,3,2,3,0,320.0,1,0
356,356,1.0,41.17,1.335,0.0,0.0,1.0,0.0,0.165,1,1,0,1,0,168.0,0,0
357,357,0.0,19.5,0.165,0.0,0.0,8.0,0.0,0.04,1,1,0,3,0,380.0,0,0
358,358,1.0,32.42,3.0,0.0,0.0,1.0,0.0,0.165,1,1,0,3,0,120.0,0,0
359,359,0.0,36.75,4.71,0.0,0.0,13.0,13.0,0.0,1,1,0,1,0,160.0,0,0
360,360,0.0,30.25,5.5,0.0,0.0,5.0,0.0,5.5,1,1,0,3,3,100.0,0,0
361,361,1.0,23.08,2.5,0.0,0.0,13.0,13.0,0.085,1,1,0,3,0,100.0,4208,0
362,362,1.0,26.83,0.54,0.0,0.0,5.0,13.0,0.0,1,1,0,1,0,100.0,0,0
363,363,1.0,16.92,0.335,1.0,1.0,5.0,0.0,0.29,1,1,0,1,3,200.0,0,0
364,364,1.0,24.42,2.0,0.0,0.0,11.0,6.0,0.165,1,3,2,1,0,320.0,1300,0
365,365,1.0,42.83,1.25,0.0,0.0,6.0,0.0,13.875,1,3,1,3,0,352.0,112,0
366,366,0.0,22.75,6.165,0.0,0.0,12.0,0.0,0.165,1,1,0,1,0,220.0,1000,0
367,367,1.0,39.42,1.71,1.0,1.0,6.0,0.0,0.165,1,1,0,1,3,400.0,0,0
368,368,0.0,23.58,11.5,1.0,1.0,5.0,1.0,3.0,1,1,0,3,0,20.0,16,0
369,369,1.0,21.42,0.75,1.0,1.0,7.0,3.0,0.75,1,1,0,3,0,132.0,2,0
370,370,1.0,33.0,2.5,1.0,1.0,9.0,0.0,7.0,1,1,0,3,0,280.0,0,0
371,371,1.0,26.33,13.0,0.0,0.0,11.0,6.0,0.0,1,1,0,3,0,140.0,1110,0
372,372,0.0,45.0,4.585,0.0,0.0,5.0,1.0,1.0,1,1,0,3,3,240.0,0,0
373,373,1.0,26.25,1.54,0.0,0.0,9.0,0.0,0.125,1,1,0,1,0,100.0,0,0
375,375,0.0,20.83,0.5,1.0,1.0,11.0,6.0,1.0,1,1,0,1,0,260.0,0,0
376,376,1.0,28.67,14.5,0.0,0.0,1.0,0.0,0.125,1,1,0,1,0,0.0,286,0
377,377,1.0,20.67,0.835,1.0,1.0,0.0,0.0,2.0,1,1,0,3,3,240.0,0,0
378,378,1.0,34.42,1.335,0.0,0.0,3.0,2.0,0.125,1,1,0,3,0,440.0,4500,0
379,379,1.0,33.58,0.25,0.0,0.0,3.0,2.0,4.0,1,1,0,3,3,420.0,0,0
380,380,1.0,43.17,5.0,0.0,0.0,3.0,2.0,2.25,1,1,0,3,0,141.0,0,0
381,381,0.0,22.67,7.0,0.0,0.0,0.0,0.0,0.165,1,1,0,1,0,160.0,0,0
382,382,0.0,24.33,2.5,1.0,1.0,3.0,2.0,4.5,1,1,0,1,0,200.0,456,0
383,383,0.0,56.83,4.25,1.0,1.0,13.0,13.0,5.0,1,1,0,3,0,0.0,4,0
384,384,1.0,22.08,11.46,0.0,0.0,5.0,0.0,1.585,1,1,0,3,0,100.0,1212,0
385,385,1.0,34.0,5.5,1.0,1.0,0.0,0.0,1.5,1,1,0,3,0,60.0,0,0
386,386,1.0,22.58,1.5,1.0,1.0,12.0,0.0,0.54,1,1,0,3,0,120.0,67,0
387,387,1.0,21.17,0.0,0.0,0.0,0.0,0.0,0.5,1,1,0,3,3,0.0,0,0
388,388,1.0,26.67,14.585,0.0,0.0,3.0,2.0,0.0,1,1,0,3,0,178.0,0,0
389,389,1.0,22.92,0.17,0.0,0.0,6.0,0.0,0.085,1,1,0,1,3,0.0,0,0
390,390,1.0,15.17,7.0,0.0,0.0,11.0,0.0,1.0,1,1,0,1,0,600.0,0,0
391,391,1.0,39.92,5.0,0.0,0.0,3.0,2.0,0.21,1,1,0,1,0,550.0,0,0
392,392,1.0,27.42,12.5,0.0,0.0,12.0,2.0,0.25,1,1,0,3,0,720.0,0,0
393,393,1.0,24.75,0.54,0.0,0.0,6.0,0.0,1.0,1,1,0,3,0,120.0,1,0
394,394,1.0,41.17,1.25,1.0,1.0,9.0,0.0,0.25,1,1,0,1,0,0.0,195,0
395,395,0.0,33.08,1.625,0.0,0.0,1.0,0.0,0.54,1,1,0,3,0,0.0,0,0
396,396,1.0,29.83,2.04,1.0,1.0,10.0,1.0,0.04,1,1,0,1,0,128.0,1,0
397,397,0.0,23.58,0.585,1.0,1.0,13.0,13.0,0.125,1,1,0,1,0,120.0,87,0
398,398,1.0,26.17,12.5,1.0,1.0,5.0,1.0,1.25,1,1,0,3,0,0.0,17,0
399,399,1.0,31.0,2.085,0.0,0.0,0.0,0.0,0.085,1,1,0,1,0,300.0,0,0
400,400,1.0,20.75,5.085,1.0,1.0,4.0,0.0,0.29,1,1,0,1,0,140.0,184,0
401,401,1.0,28.92,0.375,0.0,0.0,0.0,0.0,0.29,1,1,0,1,0,220.0,140,0
402,402,0.0,51.92,6.5,0.0,0.0,3.0,2.0,3.085,1,1,0,3,0,73.0,0,0
403,403,0.0,22.67,0.335,0.0,0.0,8.0,0.0,0.75,1,1,0,1,3,160.0,0,0
404,404,1.0,34.0,5.085,1.0,1.0,3.0,2.0,1.085,1,1,0,3,0,480.0,0,0
405,405,0.0,69.5,6.0,0.0,0.0,13.0,13.0,0.0,1,1,0,1,3,0.0,0,0
407,407,0.0,19.58,0.665,1.0,1.0,0.0,0.0,1.0,1,3,1,1,0,2000.0,2,0
408,408,1.0,16.0,3.125,0.0,0.0,9.0,0.0,0.085,1,3,1,1,0,0.0,6,0
409,409,1.0,17.08,0.25,0.0,0.0,8.0,0.0,0.335,1,3,4,1,0,160.0,8,0
410,410,1.0,31.25,2.835,0.0,0.0,13.0,13.0,0.0,1,3,5,1,0,176.0,146,0
411,411,1.0,25.17,3.0,0.0,0.0,0.0,0.0,1.25,1,3,1,1,0,0.0,22,0
412,412,0.0,22.67,0.79,0.0,0.0,3.0,0.0,0.085,1,1,0,1,0,144.0,0,0
413,413,1.0,40.58,1.5,0.0,0.0,3.0,2.0,0.0,1,1,0,1,3,300.0,0,0
414,414,1.0,22.25,0.46,0.0,0.0,5.0,0.0,0.125,1,1,0,3,0,280.0,55,0
415,415,0.0,22.25,1.25,1.0,1.0,13.0,13.0,3.25,1,1,0,1,0,280.0,0,0
416,416,1.0,22.5,0.125,1.0,1.0,5.0,0.0,0.125,1,1,0,1,0,200.0,70,0
417,417,1.0,23.58,1.79,0.0,0.0,0.0,0.0,0.54,1,1,0,3,0,136.0,1,0
418,418,1.0,38.42,0.705,0.0,0.0,0.0,0.0,0.375,1,3,2,1,0,225.0,500,0
419,419,0.0,26.58,2.54,1.0,1.0,13.0,13.0,0.0,1,1,0,3,0,180.0,60,0
420,420,1.0,35.0,2.5,0.0,0.0,3.0,0.0,1.0,1,1,0,3,0,210.0,0,0
421,421,1.0,20.42,1.085,0.0,0.0,8.0,0.0,1.5,1,1,0,1,0,108.0,7,0
422,422,1.0,29.42,1.25,0.0,0.0,9.0,0.0,1.75,1,1,0,1,0,200.0,0,0
423,423,1.0,26.17,0.835,0.0,0.0,2.0,0.0,1.165,1,1,0,1,0,100.0,0,0
424,424,1.0,33.67,2.165,0.0,0.0,0.0,0.0,1.5,1,1,0,1,1,120.0,0,0
425,425,1.0,24.58,1.25,0.0,0.0,0.0,0.0,0.25,1,1,0,1,0,110.0,0,0
426,426,0.0,27.67,2.04,0.0,0.0,9.0,0.0,0.25,1,1,0,3,0,180.0,50,0
427,427,1.0,37.5,0.835,0.0,0.0,11.0,0.0,0.04,1,1,0,1,0,120.0,5,0
428,428,1.0,49.17,2.29,0.0,0.0,13.0,13.0,0.29,1,1,0,1,0,200.0,3,0
429,429,1.0,33.58,0.335,1.0,1.0,2.0,0.0,0.085,1,1,0,1,0,180.0,0,0
430,430,1.0,51.83,3.0,1.0,1.0,13.0,13.0,1.5,1,1,0,1,0,180.0,4,0
431,431,1.0,22.92,3.165,1.0,1.0,0.0,0.0,0.165,1,1,0,1,0,160.0,1058,0
432,432,1.0,21.83,1.54,0.0,0.0,5.0,0.0,0.085,1,1,0,3,0,356.0,0,0
433,433,1.0,25.25,1.0,0.0,0.0,12.0,0.0,0.5,1,1,0,1,0,200.0,0,0
434,434,1.0,58.58,2.71,0.0,0.0,0.0,0.0,2.415,1,1,0,3,0,320.0,0,0
435,435,1.0,19.0,0.0,1.0,1.0,13.0,13.0,0.0,1,3,4,1,0,45.0,1,0
436,436,1.0,19.58,0.585,0.0,0.0,13.0,13.0,0.0,1,3,3,1,0,350.0,769,0
437,437,0.0,53.33,0.165,0.0,0.0,13.0,13.0,0.0,1,1,0,3,3,62.0,27,0
438,438,0.0,27.17,1.25,0.0,0.0,13.0,13.0,0.0,1,3,1,1,0,92.0,300,0
439,439,1.0,25.92,0.875,0.0,0.0,5.0,0.0,0.375,1,3,2,3,0,174.0,3,0
440,440,1.0,23.08,0.0,0.0,0.0,5.0,0.0,1.0,1,3,11,1,3,0.0,0,0
441,441,1.0,39.58,5.0,0.0,0.0,13.0,13.0,0.0,1,3,2,1,0,17.0,1,0
442,442,1.0,30.58,2.71,1.0,1.0,6.0,0.0,0.125,1,1,0,3,3,80.0,0,0
443,443,1.0,17.25,3.0,0.0,0.0,5.0,0.0,0.04,1,1,0,3,0,160.0,40,0
444,444,0.0,17.67,0.0,1.0,1.0,4.0,13.0,0.0,1,1,0,1,0,86.0,0,0
446,446,1.0,16.5,0.125,0.0,0.0,0.0,0.0,0.165,1,1,0,1,0,132.0,0,0
447,447,0.0,27.33,1.665,0.0,0.0,13.0,13.0,0.0,1,1,0,1,0,340.0,1,0
448,448,1.0,31.25,1.125,0.0,0.0,13.0,13.0,0.0,1,3,1,1,0,96.0,19,0
449,449,1.0,20.0,7.0,0.0,0.0,0.0,0.0,0.5,1,1,0,1,0,0.0,0,0
451,451,1.0,39.5,1.625,0.0,0.0,0.0,0.0,1.5,1,1,0,1,0,0.0,316,0
452,452,1.0,36.5,4.25,0.0,0.0,8.0,0.0,3.5,1,1,0,1,0,454.0,50,0
454,454,1.0,52.42,1.5,0.0,0.0,1.0,0.0,3.75,1,1,0,3,0,0.0,350,0
455,455,1.0,36.17,18.125,0.0,0.0,9.0,0.0,0.085,1,1,0,1,0,320.0,3552,0
457,457,1.0,29.67,0.75,1.0,1.0,0.0,0.0,0.04,1,1,0,1,0,240.0,0,0
458,458,1.0,36.17,5.5,0.0,0.0,3.0,2.0,5.0,1,1,0,1,0,210.0,687,0
459,459,1.0,25.67,0.29,1.0,1.0,0.0,0.0,1.5,1,1,0,3,0,160.0,0,0
460,460,0.0,24.5,2.415,1.0,1.0,0.0,0.0,0.0,1,1,0,1,0,120.0,0,0
461,461,1.0,24.08,0.875,0.0,0.0,6.0,0.0,0.085,1,3,4,1,0,254.0,1950,0
462,462,1.0,21.92,0.5,0.0,0.0,0.0,0.0,0.125,1,1,0,1,0,360.0,0,0
463,463,0.0,36.58,0.29,0.0,0.0,13.0,13.0,0.0,1,3,10,1,0,200.0,18,0
464,464,0.0,23.0,1.835,0.0,0.0,4.0,4.0,0.0,1,3,1,1,0,200.0,53,0
465,465,0.0,27.58,3.0,0.0,0.0,6.0,0.0,2.79,1,3,1,3,0,280.0,10,0
466,466,1.0,31.08,3.085,0.0,0.0,0.0,0.0,2.5,1,3,2,3,0,160.0,41,0
467,467,0.0,30.42,1.375,0.0,0.0,9.0,1.0,0.04,1,3,3,1,0,0.0,33,0
468,468,1.0,22.08,2.335,0.0,0.0,5.0,0.0,0.75,1,1,0,1,0,180.0,0,0
469,469,1.0,16.33,4.085,0.0,0.0,3.0,1.0,0.415,1,1,0,3,0,120.0,0,0
470,470,0.0,21.92,11.665,0.0,0.0,5.0,1.0,0.085,1,1,0,1,0,320.0,5,0
471,471,1.0,21.08,4.125,1.0,1.0,3.0,1.0,0.04,1,1,0,1,0,140.0,100,0
472,472,1.0,17.42,6.5,0.0,0.0,3.0,0.0,0.125,1,1,0,1,0,60.0,100,0
473,473,1.0,19.17,4.0,1.0,1.0,3.0,0.0,1.0,1,1,0,3,0,360.0,1000,0
474,474,1.0,20.67,0.415,0.0,0.0,0.0,0.0,0.125,1,1,0,1,0,0.0,44,0
475,475,1.0,26.75,2.0,0.0,0.0,1.0,0.0,0.75,1,1,0,3,0,80.0,0,0
476,476,1.0,23.58,0.835,0.0,0.0,3.0,1.0,0.085,1,1,0,3,0,220.0,5,0
477,477,1.0,39.17,2.5,1.0,1.0,3.0,1.0,10.0,1,1,0,3,3,200.0,0,0
478,478,1.0,22.75,11.5,0.0,0.0,3.0,0.0,0.415,1,1,0,1,0,0.0,0,0
480,480,0.0,16.92,0.5,0.0,0.0,3.0,0.0,0.165,1,3,6,3,0,240.0,35,0
481,481,1.0,23.5,3.165,1.0,1.0,5.0,0.0,0.415,1,3,1,3,0,280.0,80,0
482,482,0.0,17.33,9.5,0.0,0.0,12.0,0.0,1.75,1,3,10,3,0,0.0,10,0
483,483,1.0,23.75,0.415,1.0,1.0,0.0,0.0,0.04,1,3,2,1,0,128.0,6,0
484,484,1.0,34.67,1.08,0.0,0.0,6.0,0.0,1.165,1,1,0,1,3,28.0,0,0
485,485,1.0,74.83,19.0,1.0,1.0,13.0,13.0,0.04,1,3,2,1,0,0.0,351,0
486,486,1.0,28.17,0.125,1.0,1.0,5.0,0.0,0.085,1,1,0,1,0,216.0,2100,0
487,487,1.0,24.5,13.335,1.0,1.0,12.0,0.0,0.04,1,1,0,3,0,120.0,475,0
488,488,1.0,18.83,3.54,1.0,1.0,13.0,13.0,0.0,1,1,0,3,0,180.0,1,0
490,490,0.0,47.25,0.75,0.0,0.0,8.0,1.0,2.75,3,3,1,1,0,333.0,892,1
491,491,1.0,24.17,0.875,0.0,0.0,8.0,0.0,4.625,3,3,2,3,0,520.0,2000,1
492,492,1.0,39.25,9.5,0.0,0.0,6.0,0.0,6.5,3,3,14,1,0,240.0,4607,1
493,493,0.0,20.5,11.835,0.0,0.0,0.0,1.0,6.0,3,1,0,1,0,340.0,0,1
494,494,0.0,18.83,4.415,1.0,1.0,0.0,1.0,3.0,3,1,0,1,0,240.0,0,1
495,495,1.0,19.17,9.5,0.0,0.0,9.0,0.0,1.5,3,1,0,1,0,120.0,2206,1
496,496,0.0,25.0,0.875,0.0,0.0,10.0,1.0,1.04,3,1,0,3,0,160.0,5860,1
497,497,1.0,20.17,9.25,0.0,0.0,0.0,0.0,1.665,3,3,3,3,0,40.0,28,1
498,498,1.0,25.75,0.5,0.0,0.0,0.0,0.0,1.46,3,3,5,3,0,312.0,0,1
499,499,1.0,20.42,7.0,0.0,0.0,0.0,0.0,1.625,3,3,3,1,0,200.0,1391,1
501,501,1.0,39.0,5.0,0.0,0.0,2.0,0.0,3.5,3,3,10,3,0,0.0,0,1
502,502,0.0,64.08,0.165,0.0,0.0,13.0,13.0,0.0,3,3,1,1,0,232.0,100,1
503,503,1.0,28.25,5.125,0.0,0.0,10.0,0.0,4.75,3,3,2,1,0,420.0,7,1
504,504,0.0,28.75,3.75,0.0,0.0,0.0,0.0,1.085,3,3,1,3,0,371.0,0,1
505,505,1.0,31.33,19.5,0.0,0.0,0.0,0.0,7.0,3,3,16,1,0,0.0,5000,1
506,506,0.0,18.92,9.0,0.0,0.0,12.0,0.0,0.75,3,3,2,1,0,88.0,591,1
507,507,0.0,24.75,3.0,0.0,0.0,8.0,1.0,1.835,3,3,19,1,0,0.0,500,1
508,508,0.0,30.67,12.0,0.0,0.0,0.0,0.0,2.0,3,3,1,1,0,220.0,19,1
509,509,1.0,21.0,4.79,1.0,1.0,9.0,0.0,2.25,3,3,1,3,0,80.0,300,1
510,510,1.0,13.75,4.0,1.0,1.0,9.0,0.0,1.75,3,3,2,3,0,120.0,1000,1
511,511,0.0,46.0,4.0,0.0,0.0,4.0,4.0,0.0,3,1,0,1,0,100.0,960,1
512,512,0.0,44.33,0.0,0.0,0.0,0.0,0.0,2.5,3,1,0,1,0,0.0,0,1
513,513,1.0,20.25,9.96,0.0,0.0,11.0,6.0,0.0,3,1,0,1,0,0.0,0,1
514,514,1.0,22.67,2.54,1.0,1.0,0.0,1.0,2.585,3,1,0,1,0,0.0,0,1
516,516,0.0,60.92,5.0,0.0,0.0,12.0,0.0,4.0,3,3,4,1,0,0.0,99,1
517,517,1.0,16.08,0.75,0.0,0.0,0.0,0.0,1.75,3,3,5,3,0,352.0,690,1
518,518,0.0,28.17,0.375,0.0,0.0,8.0,0.0,0.585,3,3,4,1,0,80.0,0,1
519,519,1.0,39.17,1.71,0.0,0.0,10.0,0.0,0.125,3,3,5,3,0,480.0,0,1
521,521,0.0,30.0,5.29,0.0,0.0,11.0,6.0,2.25,3,3,5,3,0,99.0,500,1
522,522,1.0,22.83,3.0,0.0,0.0,6.0,0.0,1.29,3,3,1,1,0,260.0,800,1
523,523,0.0,22.5,8.5,0.0,0.0,8.0,0.0,1.75,3,3,10,1,0,80.0,990,0
524,524,0.0,28.58,1.665,0.0,0.0,8.0,0.0,2.415,3,1,0,3,0,440.0,0,0
525,525,1.0,45.17,1.5,0.0,0.0,0.0,0.0,2.5,3,1,0,3,0,140.0,0,0
526,526,1.0,41.58,1.75,0.0,0.0,5.0,0.0,0.21,3,1,0,1,0,160.0,0,0
527,527,0.0,57.08,0.335,0.0,0.0,3.0,2.0,1.0,3,1,0,3,0,252.0,2197,0
528,528,0.0,55.75,7.08,0.0,0.0,5.0,1.0,6.75,3,3,3,3,0,100.0,50,0
529,529,1.0,43.25,25.21,0.0,0.0,8.0,1.0,0.21,3,3,1,1,0,760.0,90,0
530,530,0.0,25.33,2.085,0.0,0.0,0.0,1.0,2.75,3,1,0,3,0,360.0,1,0
531,531,0.0,24.58,0.67,0.0,0.0,12.0,1.0,1.75,3,1,0,1,0,400.0,0,0
532,532,1.0,43.17,2.25,0.0,0.0,3.0,2.0,0.75,3,1,0,1,0,560.0,0,0
533,533,1.0,40.92,0.835,0.0,0.0,13.0,13.0,0.0,3,1,0,1,0,130.0,1,0
534,534,1.0,31.83,2.5,0.0,0.0,12.0,0.0,7.5,3,1,0,3,0,523.0,0,0
535,535,0.0,33.92,1.585,1.0,1.0,13.0,13.0,0.0,3,1,0,1,0,320.0,0,0
536,536,0.0,24.92,1.25,0.0,0.0,13.0,13.0,0.0,3,1,0,1,0,80.0,0,0
537,537,1.0,35.25,3.165,0.0,0.0,10.0,1.0,3.75,3,1,0,3,0,680.0,0,0
538,538,1.0,34.25,1.75,0.0,0.0,9.0,2.0,0.25,3,1,0,3,0,163.0,0,0
540,540,1.0,19.42,1.5,1.0,1.0,2.0,0.0,2.0,3,1,0,3,0,100.0,20,0
541,541,1.0,42.75,3.0,0.0,0.0,3.0,2.0,1.0,3,1,0,1,0,0.0,200,0
542,542,1.0,19.67,10.0,1.0,1.0,5.0,1.0,0.835,3,1,0,3,0,140.0,0,0
543,543,1.0,36.33,3.79,0.0,0.0,9.0,0.0,1.165,3,1,0,3,0,200.0,0,0
544,544,1.0,30.08,1.04,1.0,1.0,3.0,2.0,0.5,3,3,10,3,0,132.0,28,0
545,545,1.0,44.25,11.0,1.0,1.0,1.0,0.0,1.5,3,1,0,1,3,0.0,0,0
546,546,1.0,23.58,0.46,1.0,1.0,9.0,0.0,2.625,3,3,6,3,0,208.0,347,0
547,547,1.0,23.92,1.5,0.0,0.0,1.0,1.0,1.875,3,3,6,1,0,200.0,327,1
548,548,1.0,33.17,1.0,0.0,0.0,10.0,0.0,0.75,3,3,7,3,0,340.0,4071,1
549,549,1.0,48.33,12.0,0.0,0.0,6.0,0.0,16.0,3,1,0,1,3,110.0,0,1
550,550,1.0,76.75,22.29,0.0,0.0,11.0,5.0,12.75,3,3,1,3,0,0.0,109,1
551,551,1.0,51.33,10.0,0.0,0.0,3.0,2.0,0.0,3,3,11,1,0,0.0,1249,1
552,552,1.0,34.75,15.0,0.0,0.0,7.0,3.0,5.375,3,3,9,3,0,0.0,134,1
553,553,1.0,38.58,3.335,0.0,0.0,9.0,0.0,4.0,3,3,14,1,0,383.0,1344,1
554,554,0.0,22.42,11.25,1.0,1.0,10.0,1.0,0.75,3,3,4,1,0,0.0,321,1
555,555,1.0,41.92,0.42,0.0,0.0,0.0,1.0,0.21,3,3,6,1,0,220.0,948,1
556,556,1.0,29.58,4.5,0.0,0.0,9.0,0.0,7.5,3,3,2,3,0,330.0,0,1
557,557,0.0,32.17,1.46,0.0,0.0,9.0,0.0,1.085,3,3,16,1,0,120.0,2079,1
558,558,1.0,51.42,0.04,0.0,0.0,10.0,1.0,0.04,3,1,0,1,0,0.0,3000,1
559,559,0.0,22.83,2.29,0.0,0.0,8.0,1.0,2.29,3,3,7,3,0,140.0,2384,1
560,560,0.0,25.0,12.33,0.0,0.0,2.0,1.0,3.5,3,3,6,1,0,400.0,458,1
561,561,1.0,26.75,1.125,0.0,0.0,10.0,1.0,1.25,3,1,0,1,0,0.0,5298,1
562,562,1.0,23.33,1.5,0.0,0.0,0.0,1.0,1.415,3,1,0,1,0,422.0,200,1
563,563,1.0,24.42,12.335,0.0,0.0,8.0,1.0,1.585,3,1,0,3,0,120.0,0,1
564,564,1.0,42.17,5.04,0.0,0.0,8.0,1.0,12.75,3,1,0,3,0,92.0,0,1
565,565,0.0,20.83,3.0,0.0,0.0,12.0,0.0,0.04,3,1,0,1,0,100.0,0,1
566,566,1.0,23.08,11.5,0.0,0.0,9.0,1.0,2.125,3,3,11,3,0,290.0,284,1
567,567,0.0,25.17,2.875,0.0,0.0,10.0,1.0,0.875,3,1,0,1,0,360.0,0,1
568,568,1.0,43.08,0.375,1.0,1.0,0.0,0.0,0.375,3,3,8,3,0,300.0,162,1
569,569,0.0,35.75,0.915,0.0,0.0,12.0,0.0,0.75,3,3,4,1,0,0.0,1583,1
570,570,1.0,59.5,2.75,0.0,0.0,9.0,0.0,1.75,3,3,5,3,0,60.0,58,1
571,571,1.0,21.0,3.0,1.0,1.0,1.0,0.0,1.085,3,3,8,3,0,160.0,1,1
572,572,1.0,21.92,0.54,1.0,1.0,10.0,0.0,0.04,3,3,1,3,0,840.0,59,1
573,573,0.0,65.17,14.0,0.0,0.0,13.0,13.0,0.0,3,3,11,3,0,0.0,1400,1
574,574,0.0,20.33,10.0,0.0,0.0,0.0,1.0,1.0,3,3,4,1,0,50.0,1465,1
575,575,1.0,32.25,0.165,1.0,1.0,0.0,1.0,3.25,3,3,1,3,0,432.0,8000,1
576,576,1.0,30.17,0.5,0.0,0.0,0.0,0.0,1.75,3,3,11,1,0,32.0,540,1
577,577,1.0,25.17,6.0,0.0,0.0,0.0,0.0,1.0,3,3,3,1,0,0.0,0,1
578,578,1.0,39.17,1.625,0.0,0.0,0.0,0.0,1.5,3,3,10,1,0,186.0,4700,1
579,579,1.0,39.08,6.0,0.0,0.0,6.0,0.0,1.29,3,3,5,3,0,108.0,1097,1
580,580,1.0,31.67,0.83,0.0,0.0,10.0,0.0,1.335,3,3,8,3,0,303.0,3290,1
581,581,1.0,41.0,0.04,0.0,0.0,11.0,0.0,0.04,1,3,1,1,3,560.0,0,1
582,582,1.0,48.5,4.25,0.0,0.0,6.0,0.0,0.125,3,1,0,3,0,225.0,0,1
583,583,1.0,32.67,9.0,1.0,1.0,9.0,1.0,5.25,3,1,0,3,0,154.0,0,1
584,584,0.0,28.08,15.0,1.0,1.0,11.0,5.0,0.0,3,1,0,1,0,0.0,13212,1
585,585,1.0,73.42,17.75,0.0,0.0,13.0,13.0,0.0,3,1,0,3,0,0.0,0,1
586,586,1.0,64.08,20.0,0.0,0.0,10.0,1.0,17.5,3,3,9,3,0,0.0,1000,1
587,587,1.0,51.58,15.0,0.0,0.0,0.0,0.0,8.5,3,3,9,1,0,0.0,0,1
588,588,1.0,26.67,1.75,1.0,1.0,0.0,0.0,1.0,3,3,5,3,0,160.0,5777,1
589,589,1.0,25.33,0.58,0.0,0.0,0.0,0.0,0.29,3,3,7,3,0,96.0,5124,1
590,590,1.0,30.17,6.5,0.0,0.0,2.0,0.0,3.125,3,3,8,1,0,330.0,1200,1
591,591,1.0,27.0,0.75,0.0,0.0,0.0,1.0,4.25,3,3,3,3,0,312.0,150,1
593,593,1.0,34.17,5.25,0.0,0.0,9.0,0.0,0.085,1,1,0,3,0,290.0,6,1
594,594,1.0,38.67,0.21,0.0,0.0,5.0,0.0,0.085,3,1,0,3,0,280.0,0,1
595,595,1.0,25.75,0.75,0.0,0.0,0.0,2.0,0.25,3,1,0,1,0,349.0,23,1
596,596,0.0,46.08,3.0,0.0,0.0,0.0,0.0,2.375,3,3,8,3,0,396.0,4159,1
597,597,0.0,21.5,6.0,0.0,0.0,12.0,0.0,2.5,3,3,3,1,0,80.0,918,1
599,599,1.0,20.5,2.415,0.0,0.0,0.0,0.0,2.0,3,3,11,3,0,200.0,3000,1
600,600,0.0,29.5,0.46,0.0,0.0,5.0,0.0,0.54,3,3,4,1,0,380.0,500,1
602,602,1.0,29.83,1.25,1.0,1.0,5.0,0.0,0.25,1,1,0,1,0,224.0,0,0
603,603,1.0,20.08,0.25,0.0,0.0,8.0,0.0,0.125,1,1,0,1,0,200.0,0,0
604,604,1.0,23.42,0.585,0.0,0.0,0.0,1.0,0.085,3,1,0,1,0,180.0,0,0
605,605,0.0,29.58,1.75,1.0,1.0,5.0,0.0,1.25,1,1,0,3,0,280.0,0,0
606,606,1.0,16.17,0.04,0.0,0.0,0.0,0.0,0.04,1,1,0,1,0,0.0,0,1
607,607,1.0,32.33,3.5,0.0,0.0,5.0,0.0,0.5,1,1,0,3,0,232.0,0,0
609,609,1.0,47.83,4.165,0.0,0.0,10.0,2.0,0.085,1,1,0,3,0,520.0,0,0
610,610,1.0,20.0,1.25,1.0,1.0,5.0,0.0,0.125,1,1,0,1,0,140.0,4,0
611,611,1.0,27.58,3.25,1.0,1.0,8.0,1.0,5.085,1,3,2,3,0,369.0,1,0
612,612,1.0,22.0,0.79,0.0,0.0,9.0,0.0,0.29,1,3,1,1,0,420.0,283,0
613,613,1.0,19.33,10.915,0.0,0.0,0.0,2.0,0.585,1,3,2,3,0,200.0,7,0
614,614,0.0,38.33,4.415,0.0,0.0,0.0,0.0,0.125,1,1,0,1,0,160.0,0,0
615,615,1.0,29.42,1.25,0.0,0.0,0.0,1.0,0.25,1,3,2,3,0,400.0,108,0
616,616,1.0,22.67,0.75,0.0,0.0,3.0,0.0,1.585,1,3,1,3,0,400.0,9,0
617,617,1.0,32.25,14.0,1.0,1.0,13.0,13.0,0.0,1,3,2,1,0,160.0,1,0
618,618,1.0,29.58,4.75,0.0,0.0,6.0,0.0,2.0,1,3,1,3,0,460.0,68,0
619,619,1.0,18.42,10.415,1.0,1.0,12.0,0.0,0.125,3,1,0,1,0,120.0,375,0
620,620,1.0,22.17,2.25,0.0,0.0,3.0,0.0,0.125,1,1,0,1,0,160.0,10,0
621,621,1.0,22.67,0.165,0.0,0.0,0.0,4.0,2.25,1,1,0,3,3,0.0,0,1
623,623,1.0,18.83,0.0,0.0,0.0,8.0,0.0,0.665,1,1,0,1,0,160.0,1,0
624,624,1.0,21.58,0.79,1.0,1.0,2.0,0.0,0.665,1,1,0,1,0,160.0,0,0
625,625,1.0,23.75,12.0,0.0,0.0,0.0,0.0,2.085,1,1,0,1,3,80.0,0,0
627,627,1.0,36.08,2.54,0.0,0.0,13.0,13.0,0.0,1,1,0,1,0,0.0,1000,0
628,628,1.0,29.25,13.0,0.0,0.0,1.0,1.0,0.5,1,1,0,1,0,228.0,0,0
629,629,0.0,19.58,0.665,0.0,0.0,9.0,0.0,1.665,1,1,0,1,0,220.0,5,0
630,630,0.0,22.92,1.25,0.0,0.0,8.0,0.0,0.25,1,1,0,3,0,120.0,809,0
631,631,0.0,27.25,0.29,0.0,0.0,6.0,1.0,0.125,1,3,1,3,0,272.0,108,0
632,632,0.0,38.75,1.5,0.0,0.0,13.0,13.0,0.0,1,1,0,1,0,76.0,0,0
633,633,1.0,32.42,2.165,1.0,1.0,5.0,13.0,0.0,1,1,0,1,0,120.0,0,0
634,634,0.0,23.75,0.71,0.0,0.0,9.0,0.0,0.25,1,3,1,3,0,240.0,4,0
635,635,1.0,18.17,2.46,0.0,0.0,0.0,3.0,0.96,1,3,2,3,0,160.0,587,0
636,636,1.0,40.92,0.5,1.0,1.0,6.0,0.0,0.5,1,1,0,3,0,130.0,0,0
637,637,1.0,19.5,9.585,0.0,0.0,12.0,0.0,0.79,1,1,0,1,0,80.0,350,0
638,638,1.0,28.58,3.625,0.0,0.0,12.0,0.0,0.25,1,1,0,3,0,100.0,0,0
639,639,1.0,35.58,0.75,0.0,0.0,5.0,0.0,1.5,1,1,0,3,0,231.0,0,0
640,640,1.0,34.17,2.75,0.0,0.0,3.0,2.0,2.5,1,1,0,3,0,232.0,200,0
642,642,1.0,31.58,0.75,1.0,1.0,12.0,0.0,3.5,1,1,0,3,0,320.0,0,0
643,643,0.0,52.5,7.0,0.0,0.0,12.0,1.0,3.0,1,1,0,1,0,0.0,0,0
644,644,1.0,36.17,0.42,1.0,1.0,9.0,0.0,0.29,1,1,0,3,0,309.0,2,0
645,645,1.0,37.33,2.665,0.0,0.0,2.0,0.0,0.165,1,1,0,3,0,0.0,501,0
646,646,0.0,20.83,8.5,0.0,0.0,0.0,0.0,0.165,1,1,0,1,0,0.0,351,0
647,647,1.0,24.08,9.0,0.0,0.0,12.0,0.0,0.25,1,1,0,3,0,0.0,0,0
648,648,1.0,25.58,0.335,0.0,0.0,5.0,1.0,3.5,1,1,0,3,0,340.0,0,0
649,649,0.0,35.17,3.75,0.0,0.0,13.0,13.0,0.0,1,3,6,1,0,0.0,200,0
650,650,1.0,48.08,3.75,0.0,0.0,3.0,2.0,1.0,1,1,0,1,0,100.0,2,0
651,651,0.0,15.83,7.625,0.0,0.0,8.0,0.0,0.125,1,3,1,3,0,0.0,160,0
652,652,0.0,22.5,0.415,0.0,0.0,3.0,0.0,0.335,1,1,0,3,3,144.0,0,0
653,653,1.0,21.5,11.5,0.0,0.0,3.0,0.0,0.5,3,1,0,3,0,100.0,68,0
654,654,0.0,23.58,0.83,0.0,0.0,8.0,0.0,0.415,1,3,1,3,0,200.0,11,0
655,655,0.0,21.08,5.0,1.0,1.0,13.0,13.0,0.0,1,1,0,1,0,0.0,0,0
656,656,1.0,25.67,3.25,0.0,0.0,0.0,1.0,2.29,1,3,1,3,0,416.0,21,0
657,657,0.0,38.92,1.665,0.0,0.0,12.0,0.0,0.25,1,1,0,1,0,0.0,390,0
658,658,0.0,15.75,0.375,0.0,0.0,0.0,0.0,1.0,1,1,0,1,0,120.0,18,0
659,659,0.0,28.58,3.75,0.0,0.0,0.0,0.0,0.25,1,3,1,3,0,40.0,154,0
660,660,1.0,22.25,9.0,0.0,0.0,12.0,0.0,0.085,1,1,0,1,0,0.0,0,0
661,661,1.0,29.83,3.5,0.0,0.0,0.0,0.0,0.165,1,1,0,1,0,216.0,0,0
662,662,0.0,23.5,1.5,0.0,0.0,9.0,0.0,0.875,1,1,0,3,0,160.0,0,0
663,663,1.0,32.08,4.0,1.0,1.0,2.0,0.0,1.5,1,1,0,3,0,120.0,0,0
664,664,1.0,31.08,1.5,1.0,1.0,9.0,0.0,0.04,1,1,0,1,3,160.0,0,0
665,665,1.0,31.83,0.04,1.0,1.0,6.0,0.0,0.04,1,1,0,1,0,0.0,0,0
666,666,0.0,21.75,11.75,0.0,0.0,0.0,0.0,0.25,1,1,0,3,0,180.0,0,0
667,667,0.0,17.92,0.54,0.0,0.0,0.0,0.0,1.75,1,3,1,3,0,80.0,5,0
668,668,1.0,30.33,0.5,0.0,0.0,1.0,1.0,0.085,1,1,0,3,3,252.0,0,0
669,669,1.0,51.83,2.04,1.0,1.0,13.0,13.0,1.5,1,1,0,1,0,120.0,1,0
670,670,1.0,47.17,5.835,0.0,0.0,9.0,0.0,5.5,1,1,0,1,0,465.0,150,0
671,671,1.0,25.83,12.835,0.0,0.0,2.0,0.0,0.5,1,1,0,1,0,0.0,2,0
672,672,0.0,50.25,0.835,0.0,0.0,12.0,0.0,0.5,1,1,0,3,0,240.0,117,0
674,674,0.0,37.33,2.5,0.0,0.0,3.0,1.0,0.21,1,1,0,1,0,260.0,246,0
675,675,0.0,41.58,1.04,0.0,0.0,12.0,0.0,0.665,1,1,0,1,0,240.0,237,0
676,676,0.0,30.58,10.665,0.0,0.0,8.0,1.0,0.085,1,3,12,3,0,129.0,3,0
677,677,1.0,19.42,7.25,0.0,0.0,6.0,0.0,0.04,1,3,1,1,0,100.0,1,0
678,678,0.0,17.92,10.21,0.0,0.0,13.0,13.0,0.0,1,1,0,1,0,0.0,50,0
679,679,0.0,20.08,1.25,0.0,0.0,0.0,0.0,0.0,1,1,0,1,0,0.0,0,0
680,680,1.0,19.5,0.29,0.0,0.0,5.0,0.0,0.29,1,1,0,1,0,280.0,364,0
681,681,1.0,27.83,1.0,1.0,1.0,1.0,1.0,3.0,1,1,0,1,0,176.0,537,0
682,682,1.0,17.08,3.29,0.0,0.0,3.0,0.0,0.335,1,1,0,3,0,140.0,2,0
683,683,1.0,36.42,0.75,1.0,1.0,1.0,0.0,0.585,1,1,0,1,0,240.0,3,0
684,684,1.0,40.58,3.29,0.0,0.0,6.0,0.0,3.5,1,1,0,3,3,400.0,0,0
685,685,1.0,21.08,10.085,1.0,1.0,11.0,1.0,1.25,1,1,0,1,0,260.0,0,0
686,686,0.0,22.67,0.75,0.0,0.0,0.0,0.0,2.0,1,3,2,3,0,200.0,394,0
687,687,0.0,25.25,13.5,1.0,1.0,13.0,13.0,2.0,1,3,1,3,0,200.0,1,0
688,688,1.0,17.92,0.205,0.0,0.0,12.0,0.0,0.04,1,1,0,1,0,280.0,750,0
689,689,1.0,35.0,3.375,0.0,0.0,0.0,1.0,8.29,1,1,0,3,0,0.0,0,0
